0.0;1.9630553566917657
1.00250626566;2.0015692606874795
2.00501253133;2.0386182080744035
3.00751879699;2.073900458995611
4.01002506266;2.1071289853136363
5.01253132832;2.1380320627810856
6.01503759398;2.1663538850916852
7.01754385965;2.1918552160469615
8.02005012531;2.214314093630521
9.02255639098;2.2335265969020823
10.0250626566;2.249307683283927
11.0275689223;2.2614920999930157
12.030075188;2.2699353690611366
13.0325814536;2.274514840585594
14.0350877193;2.275130803588893
15.037593985;2.271707638190514
16.0401002506;2.2641949867980546
17.0426065163;2.252568915842052
18.045112782;2.2368330333927244
19.0476190476;2.2170195220443176
20.0501253133;2.1931900410236524
21.0526315789;2.1654364469134397
22.0551378446;2.1338812790552786
23.0576441103;2.09867795401356
24.0601503759;2.060010613838594
25.0626566416;2.0180935756344742
26.0651629073;1.9731703354163148
27.0676691729;1.9255120876286125
28.0701754386;1.8754157330437347
29.0726817043;1.8232013619369491
30.0751879699;1.769209216107782
31.0776942356;1.7137961519315827
32.0802005013;1.6573316464127223
33.0827067669;1.6001934082185214
34.0852130326;1.542762674810694
35.0877192982;1.4854192939041682
36.0902255639;1.4285367014369046
37.0927318296;1.3724769180108845
38.0952380952;1.3175856905554049
39.0977443609;1.264187905252653
40.1002506266;1.2125833913871522
41.1027568922;1.1630432239502049
42.1052631579;1.11580661613741
43.1077694236;1.0710784722428484
44.1102756892;1.0290276480570297
45.1127819549;0.98978594105668
46.1152882206;0.9534478078219397
47.1177944862;0.9200707825596028
48.1203007519;0.8896765495171164
49.1228070175;0.862252604371777
50.1253132832;0.837754426013429
51.1278195489;0.8161080708391927
52.1303258145;0.7972130967762042
53.1328320802;0.7809457235069399
54.1353383459;0.7671621383385642
55.1378446115;0.7557018632254853
56.1403508772;0.7463911069251382
57.1428571429;0.7390460364140348
58.1453634085;0.7334759128108352
59.1478696742;0.7294860485067449
60.1503759398;0.7268805534450504
61.1528822055;0.7254648490842306
62.1553884712;0.7250479381995903
63.1578947368;0.725444427113177
64.1604010025;0.7264763040759927
65.1629072682;0.727974483329292
66.1654135338;0.7297801288789775
67.1679197995;0.7317457753146108
68.1704260652;0.7337362652118092
69.1729323308;0.7356295239127908
70.1754385965;0.7373171929312724
71.1779448622;0.7387051430201471
72.1804511278;0.7397138872101653
73.1829573935;0.7402789129994127
74.1854636591;0.7403509514550952
75.1879699248;0.7398961993728008
76.1904761905;0.7388965088988034
77.1929824561;0.7373495572171078
78.1954887218;0.73526900707894
79.1979949875;0.7326846671394727
80.2005012531;0.7296426592847854
81.2030075188;0.7262055983919656
82.2055137845;0.7224527882698205
83.2080200501;0.718480435873961
84.2105263158;0.7144018842703239
85.2130325815;0.7103478632249504
86.2155388471;0.7064667547120775
87.2180451128;0.7029248690437042
88.2205513784;0.6999067257179029
89.2230576441;0.6976153314474052
90.2255639098;0.6962724461530884
91.2280701754;0.6961188259802251
92.2305764411;0.6974144306133004
93.2330827068;0.7004385803263896
94.2355889724;0.7054900463143571
95.2380952381;0.7128870559148219
96.2406015038;0.7229671923684151
97.2431077694;0.7360871667992671
98.2456140351;0.752622438161853
99.2481203008;0.7729666550365173
100.250626566;0.7975308914172097
101.253132832;0.8267426470851155
102.255639098;0.8610445818764664
103.258145363;0.9008929522193357
104.260651629;0.9467557178312337
105.263157895;0.9991102865464264
106.26566416;1.0584408659973883
107.268170426;1.1252353924345375
108.270676692;1.199982009461297
109.273182957;1.2831650730169475
110.275689223;1.3752606636811993
111.278195489;1.4767315934141774
112.280701754;1.5880219012774126
113.28320802;1.709550841572792
114.285714286;1.841706378220014
115.288220551;1.9848382110584244
116.290726817;2.139250373043879
117.293233083;2.305193451894115
118.295739348;2.482856505430519
119.298245614;2.6723587564132005
120.30075188;2.873741169743214
121.303258145;3.08695803211353
122.305764411;3.3118686710677925
123.308270677;3.548229466457767
124.310776942;3.7956863219184647
125.313283208;4.053767776619607
126.315789474;4.32187894761335
127.318295739;4.59929650000052
128.320802005;4.885164845336833
129.323308271;5.178493767701565
130.325814536;5.478157671228182
131.328320802;5.782896632303507
132.330827068;6.091319423819775
133.333333333;6.401908657644888
134.335839599;6.713028164780805
135.338345865;7.022932700515482
136.34085213;7.329780024332493
137.343358396;7.631645361598739
138.345864662;7.926538206376051
139.348370927;8.212421372478307
140.350877193;8.48723214364615
141.353383459;8.74890531415076
142.355889724;8.995397849219465
143.35839599;9.224714831656742
144.360902256;9.43493629853082
145.363408521;9.624244511830515
146.365914787;9.790951152012015
147.368421053;9.933523876190492
148.370927318;10.050611646546171
149.373433584;10.141068212645894
150.37593985;10.203973127132036
151.378446115;10.238649690608325
152.380952381;10.244679260945745
153.383458647;10.221911426085635
154.385964912;10.170469627917383
155.388471178;10.090751936621274
156.390977444;9.983426806995839
157.393483709;9.849423796054193
158.395989975;9.68991937836931
159.398496241;9.50631815486111
160.401002506;9.300229903814472
161.403508772;9.073443061630092
162.406015038;8.827895337405598
163.408521303;8.56564225336008
164.411027569;8.288824457528792
165.413533835;7.999634673389608
166.4160401;7.700285132826872
167.418546366;7.392976286128895
168.421052632;7.079867499719375
169.423558897;6.763050344918488
170.426065163;6.444524956265693
171.428571429;6.126179803420246
172.431077694;5.809775083941811
173.43358396;5.496929812299895
174.436090226;5.189112559192309
175.438596491;4.8876356892649975
176.441102757;4.593652857745037
177.443609023;4.308159458969786
178.446115288;4.031995672602653
179.448621554;3.7658517255920514
180.45112782;3.5102749778671014
181.453634085;3.265678444957533
182.456140351;3.032350388393957
183.458646617;2.8104646319871898
184.461152882;2.6000912960729927
185.463659148;2.4012076799391324
186.466165414;2.2137090626478506
187.468671679;2.037419232434139
188.471177945;1.8721005933032726
189.473684211;1.7174637332642926
190.476190476;1.5731763710702487
191.478696742;1.4388716269507256
192.481203008;1.3141555874371726
193.483709273;1.1986141550188276
194.486215539;1.0918191902024055
195.488721805;0.993333966864859
196.49122807;0.9027179719347322
197.493734336;0.819531087799224
198.496240602;0.743337200804323
199.498746867;0.6737072821794371
200.501253133;0.6102219890367994
201.503759398;0.5524738330998762
202.506265664;0.5000689637973352
203.50877193;0.4526286105754273
204.511278195;0.40979022694936335
205.513784461;0.3712083761148896
206.516290727;0.33655539502326937
207.518796992;0.3055218708047824
208.521303258;0.27781696040023074
209.523809524;0.2531685812966797
210.526315789;0.23132349841379143
211.528822055;0.21204732948565574
212.531328321;0.19512448875216448
213.533834586;0.1803580864252881
214.536340852;0.16756979923251686
215.538847118;0.15659972535910244
216.541353383;0.14730623530441786
217.543859649;0.13956582852402694
218.546365915;0.133273004233282
219.54887218;0.12834015338388233
220.551378446;0.12469747757387271
221.553884712;0.1222929394950321
222.556390977;0.12109224843986954
223.558897243;0.12107888336333406
224.561403509;0.12225415500137651
225.563909774;0.12463730756886278
226.56641604;0.12826565957200475
227.568922306;0.13319478225415327
228.571428571;0.13949871312703588
229.573934837;0.14727020090066587
230.576441103;0.15662097689254978
231.578947368;0.1676820466488603
232.581453634;0.1806039940257335
233.5839599;0.19555728833730368
234.586466165;0.21273258335925474
235.588972431;0.23234099496535873
236.591478697;0.2546143419552512
237.593984962;0.2798053321943848
238.596491228;0.30818767352701665
239.598997494;0.3400560860429637
240.601503759;0.37572618919115697
241.604010025;0.4155342339623552
242.606516291;0.45983664694977816
243.609022556;0.5090093495983997
244.611528822;0.5634468124525615
245.614035088;0.6235608008150545
246.616541353;0.6897787650773786
247.619047619;0.7625418262437778
248.621553885;0.8423023050627553
249.62406015;0.92952074195168
250.626566416;1.0246623548488798
251.629072682;1.1281928835897894
252.631578947;1.240573772755709
253.634085213;1.3622566505908154
254.636591479;1.4936770699499429
255.639097744;1.6352474887509043
256.64160401;1.7873494824595664
257.644110276;1.9503252000765146
258.646616541;2.1244680981650523
259.649122807;2.3100130147630322
260.651629073;2.507125676458593
261.654135338;2.7158917671342846
262.656641604;2.9363057252372533
263.65914787;3.16825947690216
264.661654135;3.4115313534326397
265.664160401;3.6657754817211785
266.666666667;3.930511972953642
267.669172932;4.2051182658567265
268.671679198;4.488822003020915
269.674185464;4.780695829589181
270.676691729;5.079654500064101
271.679197995;5.384454658710497
272.681704261;5.693697620174065
273.684210526;6.005835418517108
274.686716792;6.319180315021529
275.689223058;6.631917859257091
276.691729323;6.942123486890492
277.694235589;7.2477825157419495
278.696741855;7.546813274146732
279.69924812;7.837092969167937
280.701754386;8.11648578359703
281.704260652;8.382872586955894
282.706766917;8.634181563330621
283.709273183;8.868419003185423
284.711779449;9.083699481112308
285.714285714;9.278274648632422
286.71679198;9.45055991043937
287.719298246;9.59915832153465
288.721804511;9.722881137359717
289.724310777;9.820764563597914
290.726817043;9.892082380146045
291.729323308;9.936354247782452
292.731829574;9.953349639379715
293.73433584;9.943087463890675
294.736842105;9.905831565593418
295.739348371;9.842082379343365
296.741854637;9.752565102394108
297.744360902;9.63821480364219
298.746867168;9.500158932088675
299.749373434;9.33969770906328
300.751879699;9.158282895229824
301.754385965;8.95749541594189
302.756892231;8.739022309693377
303.759398496;8.504633436731838
304.761904762;8.25615835070676
305.764411028;7.99546369754581
306.766917293;7.724431464286278
307.769423559;7.444938357681632
308.771929825;7.158836549085787
309.77443609;6.867935979163294
310.776942356;6.573988373952177
311.779448622;6.278673083157349
312.781954887;5.983584812635561
313.784461153;5.690223286168158
314.786967419;5.399984837114585
315.789473684;5.114155898709094
316.79197995;4.833908332910367
317.794486216;4.56029651213178
318.796992481;4.294256046131617
319.799498747;4.036604028030982
320.802005013;3.7880406589932845
321.804511278;3.5491521005895414
322.807017544;3.32041439724278
323.80952381;3.1021983082504576
324.812030075;2.8947748894869023
325.814536341;2.6983216686682483
326.817042607;2.512929264633824
327.819548872;2.338608310021723
328.822055138;2.1752965475263313
329.824561404;2.022865982148421
330.827067669;1.881129985016112
331.829573935;1.7498502580308695
332.832080201;1.6287435823746506
333.834586466;1.517488287453241
334.837092732;1.4157303898497067
335.839598997;1.3230893640841468
336.842105263;1.2391635182407381
337.844611529;1.1635349577068976
338.847117794;1.0957741292973178
339.84962406;1.0354439458787452
340.852130326;0.9821034982787206
341.854636591;0.9353113667924781
342.857142857;0.8946285490609263
343.859649123;0.8596210245610678
344.862155388;0.8298619785207936
345.864661654;0.8049337098432209
346.86716792;0.7844292487026744
347.869674185;0.7679537099555055
348.872180451;0.7551254084898626
349.874686717;0.745576762208722
350.877192982;0.738955007581163
351.879699248;0.7349227516810585
352.882205514;0.7331583834231685
353.884711779;0.7333563653584398
354.887218045;0.7352274259480933
355.889724311;0.7384986707361272
356.892230576;0.7429136293103973
357.894736842;0.7482322534041059
358.897243108;0.7542308799559012
359.899749373;0.7607021714257742
360.902255639;0.7674550441573254
361.904761905;0.7743145940824573
362.90726817;0.7811220275752012
363.909774436;0.7877346037674773
364.912280702;0.7940255931284326
365.914786967;0.7998842555664016
366.917293233;0.8052158397232557
367.919799499;0.8099416034801736
368.922305764;0.8139988539676659
369.92481203;0.8173410035603401
370.927318296;0.8199376364313278
371.929824561;0.8217745782416476
372.932330827;0.8228539594532
373.934837093;0.8231942605975808
374.937343358;0.8228303256359761
375.939849624;0.8218133273524936
376.94235589;0.8202106665952077
377.944862155;0.8181057851961915
378.947368421;0.8155978706635031
379.949874687;0.8128014293648533
380.952380952;0.8098457040535905
381.954887218;0.8068739113785091
382.957393484;0.804042275636351
383.959899749;0.8015188366399569
384.962406015;0.7994820123488723
385.964912281;0.798118900985314
386.967418546;0.797623312842245
387.969924812;0.798193528933194
388.972431078;0.8000297920123093
389.974937343;0.8033315451932216
390.977443609;0.8082944441947656
391.979949875;0.8151071808007208
392.98245614;0.8239481669809203
393.984962406;0.8349821407120177
394.987468672;0.8483567651973369
395.989974937;0.8641993021984854
396.992481203;0.882613446828337
397.994987469;0.9036764147323797
398.997493734;0.9274363725284757
400.0;0.9539102982800417
