252	1.50806	0.00121
254	1.50701	0.00117
256	1.50599	0.00113
258	1.505	0.00109
260	1.50403	0.00105
262	1.5031	0.00102
264	1.50219	9.83E-4
266	1.5013	9.49E-4
268	1.50044	9.15E-4
270	1.4996	8.82E-4
272	1.49878	8.5E-4
274	1.49799	8.19E-4
276	1.49722	7.89E-4
278	1.49646	7.59E-4
280	1.49573	7.3E-4
282	1.49501	7.02E-4
284	1.49431	6.75E-4
286	1.49363	6.49E-4
288	1.49297	6.23E-4
290	1.49232	5.98E-4
292	1.49168	5.74E-4
294	1.49107	5.5E-4
296	1.49046	5.27E-4
298	1.48987	5.05E-4
300	1.4893	4.83E-4
302	1.48873	4.62E-4
304	1.48818	4.41E-4
306	1.48765	4.21E-4
308	1.48712	4.02E-4
310	1.48661	3.83E-4
312	1.4861	3.65E-4
314	1.48561	3.48E-4
316	1.48513	3.31E-4
318	1.48466	3.14E-4
320	1.4842	2.98E-4
322	1.48375	2.83E-4
324	1.4833	2.68E-4
326	1.48287	2.53E-4
328	1.48245	2.4E-4
330	1.48203	2.26E-4
332	1.48162	2.13E-4
334	1.48122	2E-4
336	1.48083	1.88E-4
338	1.48045	1.77E-4
340	1.48007	1.66E-4
342	1.4797	1.55E-4
344	1.47934	1.44E-4
346	1.47899	1.35E-4
348	1.47864	1.25E-4
350	1.4783	1.16E-4
352	1.47796	1.07E-4
354	1.47763	9.9E-5
356	1.47731	9.1E-5
358	1.47699	8.3E-5
360	1.47668	7.6E-5
362	1.47638	6.9E-5
364	1.47608	6.3E-5
366	1.47578	5.7E-5
368	1.47549	5.1E-5
370	1.47521	4.5E-5
372	1.47493	4E-5
374	1.47465	3.6E-5
376	1.47438	3.1E-5
378	1.47412	2.7E-5
380	1.47385	2.3E-5
382	1.4736	2E-5
384	1.47335	1.6E-5
386	1.4731	1.4E-5
388	1.47285	1.1E-5
390	1.47261	9E-6
392	1.47238	7E-6
394	1.47214	5E-6
396	1.47191	3E-6
398	1.47169	2E-6
400	1.47147	1E-6
402	1.47125	1E-6
404	1.47103	0
406	1.47082	0
408	1.47061	0
410	1.47041	0
412	1.47021	0
414	1.47001	0
416	1.46981	0
418	1.46962	0
420	1.46943	0
422	1.46924	0
424	1.46906	0
426	1.46887	0
428	1.46869	0
430	1.46852	0
432	1.46834	0
434	1.46817	0
436	1.468	0
438	1.46784	0
440	1.46767	0
442	1.46751	0
444	1.46735	0
446	1.46719	0
448	1.46703	0
450	1.46688	0
452	1.46673	0
454	1.46658	0
456	1.46643	0
458	1.46629	0
460	1.46614	0
462	1.466	0
464	1.46586	0
466	1.46572	0
468	1.46559	0
470	1.46545	0
472	1.46532	0
474	1.46519	0
476	1.46506	0
478	1.46493	0
480	1.4648	0
482	1.46468	0
484	1.46455	0
486	1.46443	0
488	1.46431	0
490	1.46419	0
492	1.46407	0
494	1.46396	0
496	1.46384	0
498	1.46373	0
500	1.46362	0
502	1.46351	0
504	1.4634	0
506	1.46329	0
508	1.46318	0
510	1.46308	0
512	1.46297	0
514	1.46287	0
516	1.46277	0
518	1.46266	0
520	1.46256	0
522	1.46247	0
524	1.46237	0
526	1.46227	0
528	1.46217	0
530	1.46208	0
532	1.46199	0
534	1.46189	0
536	1.4618	0
538	1.46171	0
540	1.46162	0
542	1.46153	0
544	1.46144	0
546	1.46136	0
548	1.46127	0
550	1.46119	0
552	1.4611	0
554	1.46102	0
556	1.46093	0
558	1.46085	0
560	1.46077	0
562	1.46069	0
564	1.46061	0
566	1.46053	0
568	1.46045	0
570	1.46038	0
572	1.4603	0
574	1.46022	0
576	1.46015	0
578	1.46008	0
580	1.46	0
582	1.45993	0
584	1.45986	0
586	1.45978	0
588	1.45971	0
590	1.45964	0
592	1.45957	0
594	1.4595	0
596	1.45944	0
598	1.45937	0
600	1.4593	0
602	1.45923	0
604	1.45917	0
606	1.4591	0
608	1.45904	0
610	1.45897	0
612	1.45891	0
614	1.45884	0
616	1.45878	0
618	1.45872	0
620	1.45866	0
622	1.4586	0
624	1.45854	0
626	1.45848	0
628	1.45842	0
630	1.45836	0
632	1.4583	0
634	1.45824	0
636	1.45818	0
638	1.45812	0
640	1.45807	0
642	1.45801	0
644	1.45795	0
646	1.4579	0
648	1.45784	0
650	1.45779	0
652	1.45773	0
654	1.45768	0
656	1.45763	0
658	1.45757	0
660	1.45752	0
662	1.45747	0
664	1.45742	0
666	1.45736	0
668	1.45731	0
670	1.45726	0
672	1.45721	0
674	1.45716	0
676	1.45711	0
678	1.45706	0
680	1.45701	0
682	1.45696	0
684	1.45692	0
686	1.45687	0
688	1.45682	0
690	1.45677	0
692	1.45673	0
694	1.45668	0
696	1.45663	0
698	1.45659	0
700	1.45654	0
702	1.45649	0
704	1.45645	0
706	1.4564	0
708	1.45636	0
710	1.45631	0
712	1.45627	0
714	1.45623	0
716	1.45618	0
718	1.45614	0
720	1.4561	0
722	1.45605	0
724	1.45601	0
726	1.45597	0
728	1.45593	0
730	1.45588	0
732	1.45584	0
734	1.4558	0
736	1.45576	0
738	1.45572	0
740	1.45568	0
742	1.45564	0
744	1.4556	0
746	1.45556	0
748	1.45552	0
750	1.45548	0
752	1.45544	0
754	1.4554	0
756	1.45536	0
758	1.45532	0
760	1.45528	0
762	1.45525	0
764	1.45521	0
766	1.45517	0
768	1.45513	0
770	1.4551	0
772	1.45506	0
774	1.45502	0
776	1.45498	0
778	1.45495	0
780	1.45491	0
782	1.45488	0
784	1.45484	0
786	1.4548	0
788	1.45477	0
790	1.45473	0
792	1.4547	0
794	1.45466	0
796	1.45463	0
798	1.45459	0
800	1.45456	0
802	1.45452	0
804	1.45449	0
806	1.45445	0
808	1.45442	0
810	1.45438	0
812	1.45435	0
814	1.45432	0
816	1.45428	0
818	1.45425	0
820	1.45422	0
822	1.45418	0
824	1.45415	0
826	1.45412	0
828	1.45409	0
830	1.45405	0
832	1.45402	0
834	1.45399	0
836	1.45396	0
838	1.45392	0
840	1.45389	0
842	1.45386	0
844	1.45383	0
846	1.4538	0
848	1.45377	0
850	1.45373	0
852	1.4537	0
854	1.45367	0
856	1.45364	0
858	1.45361	0
860	1.45358	0
862	1.45355	0
864	1.45352	0
866	1.45349	0
868	1.45346	0
870	1.45343	0
872	1.4534	0
874	1.45337	0
876	1.45334	0
878	1.45331	0
880	1.45328	0
882	1.45325	0
884	1.45322	0
886	1.45319	0
888	1.45316	0
890	1.45313	0
892	1.4531	0
894	1.45308	0
896	1.45305	0
898	1.45302	0
900	1.45299	0
902	1.45296	0
904	1.45293	0
906	1.4529	0
908	1.45288	0
910	1.45285	0
912	1.45282	0
914	1.45279	0
916	1.45276	0
918	1.45274	0
920	1.45271	0
922	1.45268	0
924	1.45265	0
926	1.45262	0
928	1.4526	0
930	1.45257	0
932	1.45254	0
934	1.45251	0
936	1.45249	0
938	1.45246	0
940	1.45243	0
942	1.45241	0
944	1.45238	0
946	1.45235	0
948	1.45233	0
950	1.4523	0
952	1.45227	0
954	1.45225	0
956	1.45222	0
958	1.45219	0
960	1.45217	0
962	1.45214	0
964	1.45211	0
966	1.45209	0
968	1.45206	0
970	1.45204	0
972	1.45201	0
974	1.45198	0
976	1.45196	0
978	1.45193	0
980	1.45191	0
982	1.45188	0
984	1.45185	0
986	1.45183	0
988	1.4518	0
990	1.45178	0
992	1.45175	0
994	1.45173	0
996	1.4517	0
998	1.45168	0
1000	1.45165	0
1002	1.45163	0
1004	1.4516	0
1006	1.45158	0
1008	1.45155	0
1010	1.45153	0
1012	1.4515	0
1014	1.45148	0
1016	1.45145	0
1018	1.45143	0
1020	1.4514	0
1022	1.45138	0
1024	1.45135	0
1026	1.45133	0
1028	1.4513	0
1030	1.45128	0
1032	1.45125	0
1034	1.45123	0
1036	1.4512	0
1038	1.45118	0
1040	1.45116	0
1042	1.45113	0
1044	1.45111	0
1046	1.45108	0
1048	1.45106	0
1050	1.45103	0
1052	1.45101	0
1054	1.45099	0
1056	1.45096	0
1058	1.45094	0
1060	1.45091	0
1062	1.45089	0
1064	1.45087	0
1066	1.45084	0
1068	1.45082	0
1070	1.45079	0
1072	1.45077	0
1074	1.45075	0
1076	1.45072	0
1078	1.4507	0
1080	1.45067	0
1082	1.45065	0
1084	1.45063	0
1086	1.4506	0
1088	1.45058	0
1090	1.45056	0
1092	1.45053	0
1094	1.45051	0
1096	1.45049	0
1098	1.45046	0
1100	1.45044	0
1102	1.45041	0
1104	1.45039	0
1106	1.45037	0
1108	1.45034	0
1110	1.45032	0
1112	1.4503	0
1114	1.45027	0
1116	1.45025	0
1118	1.45023	0
1120	1.4502	0
1122	1.45018	0
1124	1.45016	0
1126	1.45014	0
1128	1.45011	0
1130	1.45009	0
1132	1.45007	0
1134	1.45004	0
1136	1.45002	0
1138	1.45	0
1140	1.44997	0
1142	1.44995	0
1144	1.44993	0
1146	1.4499	0
1148	1.44988	0
1150	1.44986	0
1152	1.44984	0
1154	1.44981	0
1156	1.44979	0
1158	1.44977	0
1160	1.44974	0
1162	1.44972	0
1164	1.4497	0
1166	1.44967	0
1168	1.44965	0
1170	1.44963	0
1172	1.44961	0
1174	1.44958	0
1176	1.44956	0
1178	1.44954	0
1180	1.44951	0
1182	1.44949	0
1184	1.44947	0
1186	1.44945	0
1188	1.44942	0
1190	1.4494	0
1192	1.44938	0
1194	1.44936	0
1196	1.44933	0
1198	1.44931	0
1200	1.44929	0
1202	1.44926	0
1204	1.44924	0
1206	1.44922	0
1208	1.4492	0
1210	1.44917	0
1212	1.44915	0
1214	1.44913	0
1216	1.44911	0
1218	1.44908	0
1220	1.44906	0
1222	1.44904	0
1224	1.44902	0
1226	1.44899	0
1228	1.44897	0
1230	1.44895	0
1232	1.44893	0
1234	1.4489	0
1236	1.44888	0
1238	1.44886	0
1240	1.44883	0
1242	1.44881	0
1244	1.44879	0
1246	1.44877	0
1248	1.44874	0
1250	1.44872	0
